function [LES,IES] = testImplementation(Data)
Kernel_1_1 = [
0.0749382, 0.0607123, -0.110002, 
-0.13184, -0.144135, 0.147172, 
-0.0377813, -0.0334871, 0.147395, 

-0.0206109, -0.0942014, 0.102757, 
0.0288938, 0.0435004, -0.185072, 
-0.00354392, 0.0398995, -0.1494, 

0.0247636, -0.151343, -0.141838, 
-0.0244893, -0.0268106, 0.169394, 
0.148294, -0.116499, 0.00177226, 

 ];
Kernel_1_2 = [
0.00129836, -0.115456, -0.185571, 
0.0505929, 0.0730278, 0.127835, 
0.157996, 0.00733351, -0.0532857, 

0.0958635, 0.0356128, -0.0823689, 
0.0729216, -0.0484418, 0.18407, 
0.0586819, 0.123894, 0.15317, 

0.0668014, 0.0355152, -0.0827083, 
0.0796338, -0.0523132, -0.135721, 
0.0414033, -0.0482949, 0.133577, 

 ];
Kernel_1_3 = [
-0.0216922, -0.0955805, -0.148117, 
-0.0967781, 0.137622, 0.022138, 
-0.123837, -0.101498, 0.136741, 

0.0649188, -0.130679, 0.0800956, 
0.0764115, -0.180616, -0.164046, 
0.142211, -0.0621082, 0.0797512, 

0.0296736, -0.0168398, -0.100498, 
-0.130318, 0.0197731, -0.049415, 
0.147737, -0.0589868, 0.140937, 

 ];
Kernel_1_4 = [
-0.143051, -0.0717212, -0.0271213, 
-0.130655, 0.155474, -0.157302, 
-0.151202, -0.0569679, -0.10213, 

-0.132647, -0.179138, -0.0329685, 
0.0908405, 0.00787967, -0.154416, 
-0.122029, -0.0620233, 0.163363, 

-0.00380122, -0.169507, -0.0689509, 
-0.0924561, 0.108195, 0.179043, 
0.0397587, -0.0917507, 0.122302, 

 ];
Kernel_1_5 = [
-0.00295386, 0.0194842, 0.033526, 
0.0995067, 0.0684334, -0.0314469, 
0.0512337, -0.0465237, 0.0137328, 

-0.151189, 0.087753, -0.188107, 
-0.0850721, -0.188788, 0.0367242, 
-0.0804491, -0.137496, 0.153997, 

0.112017, 0.0958729, 0.152217, 
-0.00232597, 0.0373133, 0.0767153, 
0.0698826, 0.0661731, -0.132792, 

 ];
Kernel_1_6 = [
-0.0823135, 0.0677023, 0.135438, 
0.0684997, 0.164594, 0.0338005, 
0.128348, -0.0386748, 0.0766488, 

-0.144146, 0.00643861, -0.0613132, 
-0.162938, 0.173458, 0.132517, 
-0.188223, 0.0508932, 0.0284194, 

-0.0275013, -0.0941382, 0.0963156, 
-0.153711, 0.13901, 0.0262556, 
0.142841, -0.115531, 0.0352239, 

 ];
Kernel_1_7 = [
-0.102604, -0.102391, -0.120035, 
-0.149454, 0.0349201, -0.138884, 
-0.137977, -0.186131, -0.0128528, 

-0.155898, -0.0281397, 0.0873858, 
-0.00593011, -0.104682, -0.125071, 
-0.191163, -0.165823, -0.0557726, 

-0.0733687, -0.034495, 0.144747, 
-0.0505165, -0.103624, 0.0729909, 
0.0437666, 0.160407, -0.14712, 

 ];
Kernel_1_8 = [
0.096662, -0.0479386, 0.175304, 
-0.0554189, 0.128899, 0.184911, 
0.038277, -0.00235145, 0.162391, 

-0.161944, -0.190251, 0.156286, 
-0.0602281, -0.186347, 0.129141, 
0.043491, -0.0814375, 0.000560657, 

0.0405999, -0.146072, -0.134468, 
-0.0879031, -0.012236, 0.161277, 
0.0733258, 0.0548944, -0.145048, 

 ];
Kernel_1_9 = [
0.0262427, 0.0759, -0.169352, 
-0.0372029, 0.0745694, -0.139653, 
-0.0203771, 0.113321, 0.140309, 

0.175208, 0.163652, -0.109281, 
-0.103718, 0.0076733, -0.0137875, 
0.143225, 0.0753093, -0.00941539, 

0.0353343, -0.153101, -0.116378, 
-0.0869561, 0.158747, -0.0864038, 
0.0794865, -0.0840793, 0.155452, 

 ];
Kernel_1_10 = [
-0.131251, 0.0280185, -0.102516, 
-0.182535, -0.099904, 0.187575, 
-0.0828128, -0.0458322, -0.0769438, 

0.157731, 0.0353659, 0.146784, 
0.16817, 0.173487, -0.04804, 
-0.116796, 0.185929, 0.051985, 

0.163513, 0.0510116, 0.174533, 
-0.149138, -0.00290936, -0.085135, 
-0.163022, 0.123608, 0.163643, 

 ];
Kernel_1_11 = [
0.0805497, -0.0355526, -0.161266, 
0.0456033, -0.0216834, 0.0331357, 
0.0721304, 0.105321, 0.19019, 

-0.111218, 0.0756476, 0.0850089, 
0.0305677, -0.154872, -0.0499681, 
0.0546535, -0.188902, 0.114345, 

-0.0226805, -0.0745661, 0.0544108, 
-0.0736937, -0.0938844, 0.0960879, 
0.0174469, 0.127582, 0.150121, 

 ];
Kernel_1_12 = [
-0.0528931, -0.0613103, 0.163811, 
-0.0328977, -0.00978538, 0.102573, 
0.118513, -0.142995, -0.032199, 

-0.168893, -0.0204059, -0.119245, 
0.10256, 0.0739179, -0.167457, 
-0.0392126, 0.110204, -0.00432493, 

-0.0365857, -0.0896691, -0.148, 
-0.0636748, 0.17389, 0.143128, 
-0.0844172, 0.183416, 0.0207379, 

 ];
Kernel_1_13 = [
0.167924, -0.137097, 0.138602, 
0.136714, 0.170418, -0.0226535, 
0.0821091, -0.106471, 0.0351669, 

-0.125994, -0.158757, 0.183295, 
-0.161595, 0.181611, 0.0539397, 
-0.123129, 0.0827995, 0.106505, 

-0.113114, -0.162834, 0.115745, 
-0.079489, -0.136667, -0.122571, 
-0.169943, 0.156252, 0.191145, 

 ];
Kernel_1_14 = [
-0.0767528, 0.155782, -0.065694, 
-0.0322138, 0.0357908, 0.15432, 
0.0973222, -0.164224, 0.106701, 

0.0227172, -0.0533087, 0.0860814, 
0.013049, 0.000332512, -0.0821793, 
0.125561, -0.107263, -0.172287, 

0.121498, -0.0621917, 0.148413, 
0.114017, -0.150256, -0.134374, 
-0.0391047, -0.0476087, -0.0811049, 

 ];
Kernel_1_15 = [
0.15417, -0.0651661, -0.0675341, 
-0.0914592, 0.133301, 0.117028, 
0.0756527, 0.169089, -0.0609922, 

0.0893801, 0.0557807, -0.10382, 
-0.0347501, 0.128334, 0.0934921, 
-0.0720782, 0.16384, 0.033057, 

-0.115214, 0.133629, 0.152171, 
-0.131841, 0.0953789, 0.135068, 
0.171919, -0.0458531, -0.0275588, 

 ];
Kernel_1_16 = [
0.107467, 0.162775, -0.154824, 
-0.125664, 0.0453823, -0.131899, 
-0.188765, 0.115267, 0.148368, 

0.0230791, 0.124994, -0.176843, 
-0.136256, 0.0169996, -0.161747, 
0.0636937, -0.152359, 0.0892196, 

-0.0762299, 0.0183209, -0.154827, 
-0.0613599, -0.0865184, -0.00547218, 
0.0573912, -0.103265, 0.0786463, 

 ];
Kernel_1_17 = [
-0.0963151, 0.182331, -0.0862006, 
0.128501, -0.185207, -0.00173283, 
0.0888283, -0.177232, 0.0137929, 

-0.0545327, -0.0807422, -0.0363176, 
-0.117073, -0.103391, -0.0795611, 
-0.188182, -0.111004, -0.0939556, 

-0.065389, -0.0481149, 0.138904, 
-0.0955872, 0.0782813, 0.165292, 
0.164825, -0.0105235, 0.0599296, 

 ];
Kernel_1_18 = [
0.134828, -0.177453, 0.0438213, 
0.175728, 0.176245, 0.0316273, 
-0.0746707, -0.0327314, -0.0150766, 

-0.0693048, 0.0472407, 0.104314, 
0.0745708, -0.16301, -0.151536, 
0.0251317, -0.126199, -0.146681, 

0.0743607, -0.104137, 0.158446, 
-0.158092, -0.04661, -0.0385633, 
-0.0500371, -0.0572885, 0.0485731, 

 ];
Kernel_1_19 = [
-0.165573, -0.126318, 0.0865545, 
-0.0156548, 0.0820684, -0.118867, 
0.187526, -0.0740602, -0.172618, 

-0.0198293, 0.161117, 0.122893, 
-0.112598, -0.167052, -0.175319, 
0.154366, 0.14866, -0.16898, 

-0.1153, 0.103066, -0.117532, 
-0.0457442, -0.0805127, -0.0168179, 
-0.175576, 0.040197, -0.0771366, 

 ];
Kernel_1_20 = [
-0.0389358, -0.115061, 0.0593256, 
0.10724, -0.0311846, 0.00536815, 
-0.190888, 0.165842, -0.179321, 

0.185324, -0.12956, -0.0390548, 
0.00408162, 0.0491385, -0.094694, 
-0.155447, -0.130173, -0.138577, 

0.153281, -0.123012, -0.100531, 
0.176356, 0.187982, -0.175873, 
-0.0358109, 0.0496852, -0.167806, 

 ];
Kernel_1_21 = [
-0.155522, 0.050288, -0.0134005, 
0.158799, 0.163963, -0.12773, 
-0.0138786, 0.11031, -0.172349, 

-0.0267759, 0.188613, 0.189702, 
-0.177053, 0.169405, -0.125094, 
0.0192326, 0.0998078, -0.060588, 

0.0481861, 0.0683856, 0.118152, 
-0.173299, 0.1011, 0.120206, 
-0.0536535, 0.148632, 0.0577876, 

 ];
Kernel_1_22 = [
-0.143237, 0.0728354, -0.0854227, 
-0.0616341, 0.0349864, -0.0990771, 
-0.0719825, 0.15156, 0.0031687, 

0.0846466, 0.0689643, 0.00382658, 
0.0448984, -0.0145277, 0.166415, 
0.124818, 0.0141484, -0.124155, 

-0.0192411, -0.172549, 0.0951227, 
-0.131601, 0.171006, -0.00291653, 
-0.170999, 0.0144083, 0.164611, 

 ];
Kernel_1_23 = [
-0.0738618, -0.0535938, 0.0916671, 
-0.16901, 0.135967, 0.0803176, 
0.0260363, 0.172521, 0.0287738, 

-0.186197, 0.115674, 0.039462, 
0.136341, -0.121058, 0.167216, 
0.13895, -0.10445, 0.0236821, 

-0.0394244, 0.124286, -0.139023, 
-0.155722, 0.185226, 0.136693, 
0.0478459, 0.0905568, 0.104876, 

 ];
Kernel_1_24 = [
0.0336049, -0.184461, 0.0472384, 
0.145538, -0.0788092, -0.0414885, 
0.159445, 0.033122, -0.184275, 

-0.00400758, 0.0309129, -0.0206619, 
-0.118525, -0.0300915, -0.185598, 
0.134613, -0.0839561, 0.0667618, 

-0.153594, -0.190452, -0.0884397, 
-0.0132715, -0.025594, 0.0492469, 
-0.14276, -0.0839245, 0.0945746, 

 ];
